8945
11149
718
728
768
826
829
29775
857
12389
284119
868
25776
6362
6363
6347
6364
6366
6367
6370
6348
6352
12428
595
12443
894
12444
17151
23582
901
729230
1234
1235
1236
10803
929
977
100133941
29126
60533
948
960
967
3732
998
999
12550
100337618
1009
1000
12558
495284
1003
414842
541393
5218
1018
1020
140908
8999
1026
1045
634
1048
4680
1050
1051
12608
57214
22897
253782
1080
1111
1129
57650
1153
66197
9076
1366
6249
1196
1272
12877
29034
1385
1387
828475
51232
1398
1399
1400
1401
1410
12955
1437
1460
13001
1464
1487
1490
14219
1491
115908
1499
12387
84353
395964
1500
1514
8452
8451
99375
1523
6376
6387
10563
9547
6374
3576
4283
3579
7852
12767
51706
1545
1577
199974
9420
3491
112597
69601
153090
13175
780
4921
23405
22943
27122
1746
1786
13433
1789
419287
1856
8445
1869
1871
10969
17494242
24323
8726
1936
2202
1948
1950
51162
353156
1956
13649
112399
1958
10938
30846
10919
9451
1965
1977
1981
1984
56648
1994
2001
2002
13713
64100
27436
2014
2023
2033
2034
23136
4072
1969
2043
2046
2048
2049
2056
2059
2064
55914
2078
2081
54206
2099
2100
54845
2101
2103
2113
2114
2115
2118
18612
60412
23265
2146
7430
50848
2147
2149
14062
14064
2152
10447
355
2194
14114
2203
80204
200933
55294
2220
55612
218952
2246
9965
2247
54250
2254
2260
2263
397667
29109
2289
2316
2319
2332
2335
8061
3169
3170
2296
2303
395794
55810
3607
2305
15218
1112
56458
2309
4303
93986
94234
139628
10023
2492
10468
11167
14314
5045
2526
2535
8324
10146
27041
2597
2623
2625
2627
2662
9518
2688
2705
2706
14619
200504
2735
2736
152007
2739
2744
27165
10672
2801
51280
64083
2719
2821
2854
26585
79977
252973
2896
2932
56637
2934
283120
3014
3015
9421
3037
594842
84868
951475
3065
3066
8841
9759
10014
15185
55869
482339
3068
3280
3082
15234
3090
15248
3091
15251
29560
84681
3092
28996
3099
8091
15364
84017
3146
322012
3172
15378
25735
3182
51361
100124700
3206
3209
3205
10481
3219
3235
3265
94175
3297
15499
3308
3309
3315
3346
3397
609779
21821
305918
3479
3480
3490
93185
8517
3589
3605
54756
50616
51561
246778
3565
3569
3611
16202
55272
51147
8821
54139
3394
15944
3667
8660
100855667
83737
3673
3675
3678
3685
3688
3694
182
3717
3718
3720
3725
3726
8850
84148
3783
23028
23030
5927
10765
7403
22289
23135
16542
100855651
128209
10365
9314
16600
688
11279
4297
387893
3838
16647
3845
16653
3872
16667
3875
3855
3856
3897
3918
16782
3927
3934
16819
16842
51176
3952
3956
3958
3965
55366
107515
8549
9355
16870
3976
10859
79727
83557
140828
101927574
642477
100885779
4000
4001
4015
24914
4017
116844
26018
9208
56413
4052
4067
17096
346389
10459
84944
51438
9863
72289
378938
170851
58960
26407
6885
9448
5594
26413
116590
360144
1432
5595
50689
5598
23939
5599
83742
53615
4162
4170
348262
4193
4194
80306
4205
4209
55384
4233
11343
100507436
9645
79778
406892
406893
406894
406899
406900
406902
406903
100302213
406906
100302242
406907
406908
100130155
406909
387236
100302203
406915
387148
406919
406920
406921
406924
406925
442891
406927
406933
406935
406936
406937
406938
574447
406940
406942
387170
406944
406945
406947
102465831
406948
406949
406950
406952
406995
406954
406955
406958
406959
406961
406962
406963
406965
406966
406968
406969
442920
406976
406977
406979
387242
406983
100314194
387243
406984
406985
723944
100314161
406986
387200
406987
406988
406989
406990
406982
406991
100314000
406993
406996
406998
406999
407000
407001
387140
407006
407007
407008
407009
407010
387217
407011
407012
407013
407014
407015
407016
407017
407018
100049712
100314230
407024
387224
407026
100126297
407027
723920
407029
100314011
407030
407031
387227
407032
723964
407033
723836
100314153
407035
442900
442903
693120
407040
723932
494323
442918
494324
494330
494331
494336
554210
554213
574412
768216
574436
664616
574442
574444
574452
574456
574511
574492
574484
574495
693158
693175
693197
693201
693215
693223
693224
693231
724025
724033
100033819
407043
768219
100126309
100126306
407046
693235
407050
407053
406881
406884
100313972
406890
4286
17342
57591
223701
4300
23531
4312
4320
4323
4327
4313
81686
4314
4317
4318
54737
9902
124540
10232
4488
9112
57504
92140
10797
2475
57509
4582
17829
4585
4602
4605
4609
23077
4615
4633
7593
109889
10135
79923
388112
342977
4691
8202
10397
57447
283131
23327
10763
18008
25491
11925
50674
192343
192345
386595
2828293
2829895
4835966
4771
18030
4790
18033
81736
4792
579
4825
114548
4830
9111
4838
4851
18128
395655
4853
4854
4855
4856
27035
4878
101241892
10062
8856
7182
7026
3164
2494
338475
8829
8828
9423
59277
4915
4916
9891
77976
80224
4925
29419
29789
9480
4988
5008
58495
107586
5029
23569
203569
5058
10298
57144
152559
56288
50855
142
11545
55742
5074
114774
5076
5087
5090
57326
5093
5101
7703
5122
5133
27250
10015
397765
5155
18591
80310
5159
10630
5174
79834
5037
157310
23089
5217
5228
10857
7262
5290
18706
5295
8503
11040
5300
9600
18739
83394
5310
5321
51316
5326
5328
5358
224143
5443
567858
10631
5460
5468
25664
10891
8493
5511
5562
5563
108079
5578
5584
5588
3276
58182
8842
5626
19127
5629
19130
5396
51450
58497
10197
9051
5728
19211
19215
19217
5743
19225
5744
5747
14083
8073
11156
5524
5781
5777
5806
9444
57403
339122
5879
19353
363875
10399
5915
5921
9462
11186
5925
146713
9939
5948
5970
29803
387
117273
388
389
391
192656
196475
9025
58230
6050
6093
4919
4920
26564
6097
19885
6098
68028
6198
57142
861
860
6273
6275
6277
6279
6280
6286
6299
57167
6304
23314
8796
85477
23513
57758
222663
6382
64218
54910
29843
59343
6318
5054
5176
5274
80854
9869
6423
6464
6469
29499
6477
6478
6493
25942
23411
93759
23410
6495
6497
6498
6500
6502
6581
6513
310801
9368
6586
4087
17126
4088
4089
4092
17131
100338818
8243
9126
64750
34908
6615
20613
116490
6591
20583
333929
9021
6648
64321
6657
6658
6659
6660
6662
6667
20683
728695
20692
25803
8877
6695
8405
6696
25353
6700
10252
10253
100642175
84654
31554
8878
6714
6720
6722
20807
501099
6717
20383
6480
6489
6772
6774
20848
6776
6777
8614
6786
57620
6794
51765
65975
51684
23512
20997
10460
21345
6901
29110
79718
6862
6929
21423
485079
6925
21677
7015
80312
200424
51270
117270
7039
7040
21803
59086
282089
100008645
7041
7042
21809
7046
7048
7049
7052
7056
8914
7077
7078
7082
7088
21888
21894
7099
56649
116640
7124
79626
8792
8743
8600
8742
9966
7145
282654
7157
403869
7158
7159
94241
8626
488125
7161
7162
10131
100887755
81559
10626
10155
72169
51592
4591
55223
22059
7224
79054
7227
7248
7249
7284
7286
55000
285194
37655
7291
22160
117581
7295
25828
10628
7298
7301
9690
51366
652995
7347
22228
54315
29128
115426
51720
391627
23326
8239
81839
79805
226841
7415
7421
7422
9686
7428
7431
11326
220001
10810
8839
7471
22408
140584
89780
7474
22418
81029
51741
25937
97064
944566
7494
22803
10413
22601
4904
83719
7532
7534
10009
6935
21417
220930
9839
24136
311071
100303491
441951
7538
9372
23613
7702
155061
