19225
5744
5747
14083
8073
11156
5524
5781
5777
5806
9444
57403
339122
5879
19353
363875
10399
5915
5921
9462
11186
5925
146713
9939
5948
5970
29803
387
117273
388
389
391
192656
196475
9025
58230
6050
6093
4919
4920
26564
6097
19885
6098
68028
6198
57142
861
860
6273
6275
6277
6279
6280
6286
6299
57167
6304
23314
8796
85477
23513
57758
222663
6382
64218
54910
29843
59343
6318
5054
5176
5274
80854
9869
6423
6464
6469
29499
6477
6478
6493
25942
23411
93759
23410
6495
6497
6498
6500
6502
6581
6513
310801
9368
6586
4087
17126
4088
4089
4092
17131
100338818
8243
9126
64750
34908
6615
20613
116490
6591
20583
333929
9021
6648
64321
6657
6658
6659
6660
6662
6667
20683
728695
20692
25803
8877
6695
8405
6696
25353
6700
10252
10253
100642175
84654
31554
8878
6714
6720
6722
20807
501099
6717
20383
6480
6489
6772
6774
20848
6776
6777
8614
6786
57620
6794
51765
65975
51684
23512
20997
10460
21345
6901
29110
79718
6862
6929
21423
485079
6925
21677
7015
80312
200424
51270
117270
7039
7040
21803
59086
282089
100008645
7041
7042
21809
7046
7048
7049
7052
7056
8914
7077
7078
7082
7088
21888
21894
7099
56649
116640
7124
79626
8792
8743
8600
8742
9966
7145
282654
7157
403869
7158
7159
94241
8626
488125
7161
7162
10131
100887755
81559
10626
10155
72169
51592
4591
55223
22059
7224
79054
7227
7248
7249
7284
7286
55000
285194
37655
7291
22160
117581
7295
25828
10628
7298
7301
9690
51366
652995
7347
22228
54315
29128
115426
51720
391627
23326
8239
81839
79805
226841
7415
7421
7422
9686
7428
7431
11326
220001
10810
8839
7471
22408
140584
89780
7474
22418
81029
51741
25937
97064
944566
7494
22803
10413
22601
4904
83719
7532
7534
10009
6935
21417
220930
9839
24136
311071
100303491
441951
7538
9372
23613
7702
155061
